VERIFIED sets=100 runs=52 children=230 tasks=19
policy              top1   run-cluster 95% CI   full-evals pruned restart/full continue/full
artifact_only        0.5783 [0.4865,0.6703]          0    144 0.0586 0.0586
all_escalate         0.9600 [0.9010,1.0000]        144      0 0.9850 0.9312
random_gate          0.9200 [0.8400,0.9891]        136      8 0.9526 0.9018
tfidf_gate           0.9200 [0.8235,0.9903]        137      7 0.9766 0.9255
majority3_gate       0.9300 [0.8370,0.9907]        137      7 0.9692 0.9180
unanimous3_gate      0.9500 [0.8737,1.0000]        141      3 0.9826 0.9300
top1_random          0.6000 [0.4706,0.7190]         71     73 0.5298 0.5033
top1_tfidf           0.6600 [0.5463,0.7623]         71     73 0.4849 0.4584
top1_majority3       0.6300 [0.5096,0.7419]         71     73 0.4990 0.4725
top1_stdout          0.6600 [0.5500,0.7692]         71     73 0.5364 0.5099
top1_progress        0.6000 [0.4815,0.7113]         71     73 0.4631 0.4366
top1_stdout_tfidf    0.6700 [0.5521,0.7778]         71     73 0.5263 0.4998
top1_oracle          0.9600 [0.9010,1.0000]         71     73 0.4951 0.4686
top2_random          0.9200 [0.8505,0.9770]        132     12 0.9128 0.8635
top2_tfidf           0.9300 [0.8621,0.9823]        132     12 0.8783 0.8290
top2_oracle          0.9600 [0.9010,1.0000]        132     12 0.8810 0.8317
oracle_gate          0.9700 [0.9223,1.0000]        141      3 0.9738 0.9212
full_external        1.0000 [1.0000,1.0000]        230      0 1.0000 1.0000
WROTE phase1/critic_gated_escalation_v9
